USA		Japan	United Kingdom	France	Italy	Canada	Korea	Australia	Spain	Mexico	Netherlands	Switzerland	Germany	Sweden	Belgium	Austria	Norway
Q2-1961	1.858876	2.131382	0.425664	1.600329	2.115493	2.514856	3.905148	-1.098971	4.44113	0.954347	-1.39306	1.355571	-0.539334	0.363512	1.167163	-0.349959	1.621275
Q3-1961	1.667385	1.918909	-0.512697	1.592219	2.330642	2.415507	-1.617494	-0.712955	2.042475	1.007542	0.117012	1.242126	2.052513	1.386708	1.275744	1.256452	1.174078
Q4-1961	2.026735	4.587968	-0.174807	1.699022	1.913145	1.399872	1.61344	1.140205	2.821708	1.057329	1.605199	1.958044	0.455605	0.50326	1.381074	0.227988	0.743972
Q1-1962	1.801132	1.342398	0.457113	1.800279	1.479935	2.647855	1.603239	2.804784	2.365594	1.038747	2.720945	0.575396	1.473352	0.27719	1.346942	1.46331	0.325072
Q2-1962	1.077485	1.398082	0.945532	1.615682	1.076641	0.726757	-1.988201	1.913176	2.326176	1.01864	2.087974	1.155195	1.042344	1.761047	1.322268	-0.021812	0.498362
Q3-1962	0.952559	1.221843	0.607007	1.439785	0.60037	1.312234	3.150499	0.815006	2.449013	1.402494	3.147562	1.370741	2.39521	2.44721	1.116325	0.839158	0.669292
Q4-1962	0.388066	2.089625	-0.346998	1.251797	1.501587	2.032941	3.153024	1.79396	0.268262	1.79142	-0.341937	0.645239	-0.216174	0.824052	0.896895	0.090983	0.837129
Q1-1963	1.112741	1.3667	0.51448	-1.665799	0.663828	0.599816	5.399137	2.305175	5.752953	1.750783	-6.272858	-0.905599	-3.498026	-1.027403	0.881896	0.367611	1.001036
Q2-1963	1.303616	2.943448	4.300254	4.465475	2.741399	1.466137	-2.108172	-1.30833	0.08289	1.701509	8.940364	3.835381	4.484412	3.823815	0.866731	2.915281	1.05742
Q3-1963	1.952082	2.93239	0.458738	3.298802	1.641305	0.768516	3.499928	4.102224	2.157735	2.353728	2.402534	2.228738	3.469248	1.854547	1.449747	1.087485	1.111931
Q4-1963	0.71369	3.445524	2.236492	0.311287	1.028412	3.140917	0.198178	2.156472	1.861636	2.998675	2.105749	1.086478	0.483966	0.877163	2.0445	2.038743	1.16463
Q1-1964	2.162865	3.189414	0.606619	1.882604	1.482283	2.478572	5.455934	-0.155135	0.565485	2.887235	1.337372	0.124763	1.375907	2.477562	1.987689	1.006058	1.21533
Q2-1964	1.18915	2.412495	1.742805	0.958921	-1.011877	0.344275	-2.567261	2.469376	1.648014	2.799082	0.864345	3.526249	1.221775	0.541844	1.943286	1.447899	1.28977
Q3-1964	1.35831	1.544361	0.397118	1.226255	-0.168904	1.051459	6.677766	0.617359	0.751293	2.10163	1.889447	-0.546061	1.039094	1.99575	1.344338	0.900528	1.36121
Q4-1964	0.354592	1.250663	1.500654	0.903739	-0.418483	0.5277	4.240682	2.840458	2.17416	1.422457	1.04979	-0.611582	1.360336	1.07015	0.747162	2.854332	1.429614
Q1-1965	2.466339	0.813162	-0.276175	0.221995	1.350147	3.141302	0.64105	0.837368	2.128163	1.390494	2.887565	2.485869	1.636564	1.970919	0.733465	-1.031716	1.494926
Q2-1965	1.367101	1.248848	0.120496	2.488095	1.993829	0.93809	0.665185	1.568704	0.42662	1.360647	-1.022038	0.120877	1.578071	-0.739413	0.724151	0.528129	1.241229
Q3-1965	2.031018	2.265972	0.822506	1.445019	1.332058	1.350915	-0.933679	-0.291266	1.018033	1.475944	0.899899	1.059563	0.665876	-0.102962	0.736433	2.021288	0.997207
Q4-1965	2.358348	1.55391	0.610693	1.392214	1.502345	2.459163	2.630098	0.243431	2.989391	1.586577	2.673001	-0.261584	0.598452	1.989429	0.745097	0.449598	0.760749
Q1-1966	2.469376	2.676418	0.169773	0.902206	0.967116	1.912266	5.484614	-0.290129	-0.680518	1.545695	-2.721159	-1.346317	1.815921	1.383376	0.732866	3.196666	0.530171
Q2-1966	0.409482	3.912583	0.583709	1.512522	1.424291	2.105951	6.624464	1.370267	5.167526	1.512979	2.951839	5.130424	0.307485	-0.659782	0.722237	-0.12344	0.945991
Q3-1966	0.712356	2.431442	0.330497	1.140425	2.825008	-0.038364	-1.903791	2.828674	1.983691	1.45355	2.051649	-1.256226	0.122677	-2.560285	0.867684	0.27664	1.351787
Q4-1966	0.857348	1.998277	-0.417596	0.545947	0.479192	1.206478	1.843725	0.652976	0.270897	1.384758	0.328501	1.150618	-1.56154	5.066972	1.01504	0.889976	1.742888
Q1-1967	0.918055	2.650178	1.360274	1.71364	1.99507	-0.231937	2.663697	3.903434	0.275493	1.353178	1.364119	2.80519	-0.497729	1.060738	0.99532	0.876897	2.115153
Q2-1967	0.087724	2.690154	1.402407	1.094577	2.150866	2.098033	2.558912	-0.1411	1.201427	1.325623	1.022579	-0.979198	-0.312579	0.335867	0.978753	0.856198	1.548683
Q3-1967	0.863257	3.467643	0.440308	0.95619	1.541055	0.333108	3.718138	1.880461	1.715238	1.646754	1.66257	-1.163089	2.414592	-1.597445	0.954276	-0.65889	1.010316
Q4-1967	0.804954	1.93325	0.533623	0.974727	1.975953	0.378383	1.418113	0.866822	-0.719103	1.967176	0.912322	0.513219	1.28593	2.331611	0.923408	1.610119	0.490642
Q1-1968	2.030704	2.385973	3.636478	2.909618	0.243127	0.811509	5.74487	-0.89031	2.133945	1.91298	3.30585	1.58853	1.170304	-1.684102	0.908429	1.264305	-0.018835
Q2-1968	1.688702	3.411931	-0.422567	-7.580956	2.094663	2.71573	1.796159	3.848733	3.034023	1.872519	0.110424	0.553384	0.77728	5.495457	0.89686	1.1827	0.396581
Q3-1968	0.720254	2.263971	1.977104	11.373243	2.404436	1.350294	4.582468	1.295853	0.806297	1.584134	0.596632	2.761789	2.195194	0.726611	1.331804	1.811363	0.808763
Q4-1968	0.445086	5.697546	0.387516	1.02459	2.340949	1.37838	-1.086666	3.730121	4.053407	1.297967	3.344474	2.432074	1.509434	-0.542023	1.770449	0.895835	1.212764
Q1-1969	1.554915	0.879461	-0.208451	0.183745	1.566157	1.295808	4.77995	-0.666434	3.548014	1.273835	0.365412	-2.393515	2.516443	-0.433192	1.730254	0.973635	1.603744
Q2-1969	0.32072	2.911658	0.736756	2.453037	1.805751	0.480385	3.668656	2.02978	-0.33786	1.244561	1.565815	3.5186	1.283088	2.642603	1.682229	1.892345	1.200889
Q3-1969	0.625897	2.395416	0.556501	0.945384	0.239159	1.05481	7.555943	1.746866	1.865453	1.554238	2.325833	4.158557	2.148261	3.838759	1.672652	2.406026	0.813607
Q4-1969	-0.436516	3.903013	0.505246	0.790252	-2.021338	1.408296	2.371989	2.196696	1.119478	1.864179	3.002685	-0.223326	1.536743	0.718574	1.654096	1.017809	0.436963
Q1-1970	-0.177225	3.064074	-0.61903	1.911374	5.996458	0.631526	-1.803269	2.04492	1.869665	1.80921	-1.492127	1.996142	-1.595662	1.335154	1.606117	1.88764	0.06665
Q2-1970	0.176945	1.212646	2.336264	1.262038	0.729987	-0.041183	4.115313	1.841379	0.158864	1.768314	2.729327	1.186441	3.975818	0.769958	1.575349	2.591039	0.382576
Q3-1970	0.885856	2.680797	0.9995	1.377239	2.006338	1.020186	0.411535	-0.501117	0.511083	1.243409	1.530089	1.396769	1.867836	2.920683	1.176552	1.93573	0.695855
Q4-1970	-1.028585	-0.322008	0.862707	1.570186	0.111821	0.168663	7.754353	2.086514	0.789028	0.69679	2.075318	0.404999	0.847607	0.462521	0.75863	1.242164	1.003665
Q1-1971	2.67758	0.910972	-0.572099	0.129083	-0.523041	-0.599126	0.695473	-0.280008	0.780918	0.685515	0.488356	1.114561	-1.921103	-1.089009	0.742862	0.171116	1.303203
Q2-1971	0.570687	1.613126	1.78235	1.821987	0.421992	2.923916	2.966367	0.468945	1.950593	0.675916	0.858251	1.590426	2.098641	-1.175994	0.735078	2.154849	1.320492
Q3-1971	0.781828	1.218443	1.726051	1.630601	1.464776	2.75605	0.243142	3.339544	1.839902	1.492963	0.674313	0.617427	1.730037	1.827542	1.041139	1.603989	1.336919
Q4-1971	0.292064	0.91105	0.398981	0.856781	0.564535	1.135652	0.817549	-0.232736	2.013559	2.33025	-1.106228	0.749718	-0.084182	-0.980524	1.354626	-0.364435	1.352475
Q1-1972	1.794268	3.258015	0.116817	1.309796	1.104811	-0.38957	1.574354	-1.057591	1.622512	2.264729	2.850949	0.917431	0.101103	0.473547	1.32811	3.257068	1.367177
Q2-1972	2.315712	1.881994	2.66293	0.384177	-0.045308	2.843469	2.585679	2.155498	2.362836	2.20276	0.460245	0.285354	1.632999	0.189989	1.304745	-0.037419	1.221701
Q3-1972	0.921599	2.134528	0.275106	0.88796	1.348168	0.227609	1.705316	-0.525452	2.196884	2.189294	0.151999	0.841034	2.335604	2.848965	1.448761	1.352707	1.0814
Q4-1972	1.660611	2.51568	1.571429	1.660236	0.475253	2.392227	4.431268	1.039947	1.981024	2.176627	1.243392	1.765426	1.553896	1.704581	1.593274	4.511312	0.94567
Q1-1973	2.461825	3.344675	4.954739	1.992282	0.901496	2.636591	3.507191	2.558587	1.840655	2.113477	3.158903	0.498111	1.382724	0.664999	1.557743	-1.417131	0.813763
Q2-1973	1.13376	0.914476	0.124703	1.080382	2.996681	1.091393	3.652718	0.191156	1.782786	2.052157	-0.328807	-0.087897	0.738877	0.036354	1.519071	2.047168	0.999672
Q3-1973	-0.543398	0.291681	-0.931876	0.858845	3.181783	0.338762	5.095154	0.990169	1.651654	1.753958	-0.725732	0.923731	0.327713	0.78154	1.426949	0.39801	1.180301
Q4-1973	0.932421	1.235736	-0.431753	1.278319	2.442616	1.883634	1.752888	2.528557	1.645425	1.442038	3.903124	1.762755	0.248869	1.365484	1.324668	2.114917	1.354833
Q1-1974	-0.830643	-3.435982	-2.732043	0.959287	0.810996	0.728226	4.438858	0.02218	1.698325	1.403345	0.575005	1.460966	0.84569	-0.532074	1.282729	2.016685	1.52253
Q2-1974	0.262893	0.720303	1.447057	0.500643	0.955064	1.106587	-0.921015	-2.001689	1.26359	1.378937	1.146852	0.302526	-0.076938	1.702633	1.269725	-0.421366	1.292527
Q3-1974	-0.968209	1.27966	0.647954	0.943451	0.166712	-0.117547	1.628667	1.207965	0.705686	1.420328	0.787979	-2.424597	0.000004	1.40867	0.16585	0.466238	1.071506
Q4-1974	-0.399968	-0.542349	-1.44813	-1.510183	-2.090375	-0.467111	-0.08811	0.08771	0.066164	1.455294	-1.3854	-3.572712	-1.262707	1.360992	-1.000723	-1.224199	0.857811
Q1-1975	-1.208139	0.130853	0.045742	-0.449904	-1.739606	-0.676615	1.824646	0.378026	-0.501916	1.418086	-1.963504	-2.127131	-0.577005	0.638731	-1.000149	0.139126	0.649878
Q2-1975	0.770457	2.220142	-1.643404	0.25275	-0.05161	1.307874	4.067033	3.096701	-0.083068	1.391313	1.370993	-1.071447	-0.501955	-1.154453	-1.004707	-1.030184	1.045184
Q3-1975	1.652604	1.138138	-0.329054	0.387352	1.421426	1.86702	2.873222	-1.12576	0.436846	1.242051	0.569855	-1.136947	1.087809	0.911621	0.507866	0.960339	1.429765
Q4-1975	1.348168	1.05151	1.141866	1.350335	1.120332	1.153677	3.169893	-1.434137	0.702837	1.081194	3.813412	-0.713896	1.965055	1.276689	2.127561	2.376262	1.799407
Q1-1976	2.258171	0.847325	1.591134	1.467729	1.761833	1.738217	3.017996	4.359049	0.993843	1.056567	0.18883	-0.088898	0.898503	-1.666195	2.074299	-0.363839	2.150529
Q2-1976	0.755573	0.5908	-0.17391	1.192261	1.80745	2.16138	4.540629	0.520795	1.154239	1.046903	0.09952	0.512928	1.485515	1.7669	2.019118	1.84598	1.718176
Q3-1976	0.508464	1.406011	1.248103	0.472916	2.541459	0.435485	2.130404	0.669953	0.969908	0.820825	3.533003	1.658509	0.029869	-0.541326	0.873671	2.29554	1.308634
Q4-1976	0.750577	0.118914	2.109698	1.24584	1.73467	0.211307	0.955228	0.856673	0.767893	0.591004	-1.692872	1.119221	1.85158	-0.462996	-0.278587	1.361667	0.916126
Q1-1977	1.163514	2.187257	0.056335	1.105448	0.03961	1.381777	1.143471	-0.535871	0.792236	0.589219	1.213842	-0.058254	0.853944	-2.032863	-0.278875	0.18659	0.535594
Q2-1977	1.962646	0.703788	-0.737375	0.434796	-0.556863	0.568182	4.91697	1.415246	0.453631	0.574541	0.013692	-0.005069	0.566949	1.010681	-0.275711	1.426333	0.71005
Q3-1977	1.769143	0.681687	0.69857	0.458443	-0.935348	0.481272	6.039229	-0.450365	0.332297	1.396296	0.825347	0.780597	-0.028905	0.143076	0.31293	0.315147	0.881061
Q4-1977	0.010503	1.356457	1.721957	0.228252	0.856853	1.592801	3.771243	-0.324168	0.668054	2.241386	0.997052	-0.062869	1.720637	-0.591868	0.940359	2.305532	1.047887
Q1-1978	0.347944	1.889185	0.866076	1.389139	1.634294	0.855447	-0.790242	0.713572	0.624253	2.178848	0.253524	-0.012582	0.412115	1.622628	0.925984	-4.375787	1.532262
Q2-1978	3.888042	0.972001	1.216447	1.662617	1.729759	0.917656	3.038537	0.939399	0.202602	2.11073	0.183915	0.226501	0.396382	1.557889	0.908158	1.884673	1.621405
Q3-1978	0.977915	1.293282	1.351223	-0.087958	0.526216	0.720607	1.624088	1.386553	-0.12271	2.237665	0.935098	0.035154	1.311341	-2.062252	0.644273	0.657607	1.1998
Q4-1978	1.341227	1.443062	0.913999	0.851111	1.523831	0.849941	4.755764	0.827997	-0.147991	2.353971	1.756247	0.386556	1.169105	1.628871	0.36356	0.665147	0.131658
Q1-1979	0.198683	1.495581	-0.389827	0.860055	1.579975	0.860161	4.678412	2.825749	-0.159396	2.275445	-4.905977	0.725127	0.123656	2.064018	0.36028	2.316319	-0.436647
Q2-1979	0.121062	1.827155	4.434243	0.955992	0.727096	1.356926	0.594433	-1.618198	0.155449	2.21204	5.824767	0.561031	3.105253	1.60559	0.354987	1.289	2.990434
Q3-1979	0.718044	0.762664	-2.197886	1.143099	1.730408	0.647063	-2.665651	0.918177	0.240502	2.070865	0.740056	0.940532	0.000008	0.275914	0.953922	0.879436	2.606959
Q4-1979	0.258884	0.434649	1.049797	0.190207	2.353894	0.672468	-1.542924	1.919065	0.351518	1.918081	1.539027	1.530937	0.612993	0.106839	1.576812	1.328876	0.897165
Q1-1980	0.323469	0.382552	-0.977353	1.076484	-0.1836	0.706783	0.815654	0.401268	0.669638	2.769102	-0.057879	1.89392	0.801235	3.12784	3.762455	1.06976	3.881183
Q2-1980	-2.028135	-0.527155	-1.972172	-0.576307	0.776049	-0.032937	-0.591788	0.309869	0.339903	0.652366	-1.851383	0.291044	-0.643802	-4.767321	-0.666235	-1.049	-2.042632
Q3-1980	-0.151519	2.239932	-0.116068	0.119915	0.083677	-0.135436	1.931559	0.516565	-0.396523	2.158765	-0.671178	0.665695	-0.396722	3.796628	-0.979381	0.521108	-1.801524
Q4-1980	1.853267	2.125488	-1.054695	-0.122614	0.852303	1.395319	-2.609766	1.722036	0.580016	2.895866	2.320444	0.441722	-0.13276	-1.956995	-0.204555	0.055055	2.159556
Q1-1981	2.0695	0.613079	-0.16555	0.392136	-0.570495	2.222622	4.09997	0.385366	-0.566186	2.232972	-0.96337	0.235268	1.189866	0.614162	0.022401	-0.692629	1.693478
Q2-1981	-0.730244	1.223763	0.237635	0.506864	0.194997	1.103378	2.228904	1.549845	-0.110719	2.591143	-0.025647	0.709407	-0.249632	-0.062043	1.457926	1.006344	0.414909
Q3-1981	1.147501	-0.222417	1.086854	0.651015	0.04631	-0.89609	4.070699	2.004886	0.444685	0.522758	-0.914355	0.282689	0.263434	0.767287	-0.428832	-0.069449	-1.247565
Q4-1981	-1.166631	0.72994	0.116096	0.667117	0.811647	-0.455675	1.612057	-0.402344	-0.099841	1.791577	0.079519	-0.204738	-0.078831	-1.122507	0.267781	-0.631448	-0.025141
Q1-1982	-1.67277	1.532501	0.16486	0.79809	-0.039523	-1.189497	0.815628	-0.835655	0.411598	-1.926788	0.93869	-0.304714	0.374671	0.284036	0.133524	2.028279	0.700527
Q2-1982	0.544774	0.686563	1.119578	0.626718	-0.284174	-1.152753	2.056265	0.989435	0.37979	0.152382	-2.432907	-1.174907	-0.615593	2.11229	0.2694	0.293478	0.010108
Q3-1982	-0.360155	0.437004	0.256105	0.146181	-0.053488	-0.881686	2.176252	-0.736881	0.673207	-0.719205	1.10888	-0.500121	-0.988404	-1.241489	0.112673	-0.067677	-0.029726
Q4-1982	0.097552	1.389602	0.70398	0.502664	-0.290769	-0.922884	3.215411	-1.553014	0.352496	-2.194229	-2.100653	-0.136518	0.239589	1.948384	-0.633301	-0.174901	0.319945
Q1-1983	1.3098	0.063061	1.814365	0.444578	0.279768	1.644656	4.513098	-1.008957	0.365463	-0.739376	0.832133	0.174809	0.90627	-1.131415	0.018049	1.213791	1.892502
Q2-1983	2.28197	0.751952	0.854785	0.050235	-0.120409	1.9873	2.671485	-0.193119	0.61761	-2.010715	2.716421	0.915728	1.052778	0.7884	0.047185	1.308602	1.103066
Q3-1983	1.957928	1.496254	1.102556	0.099402	1.862229	1.133117	3.875114	2.761932	0.147061	0.830143	1.47511	0.42976	-0.208368	1.12733	0.83464	0.838428	1.382491
Q4-1983	2.062195	0.833126	0.864618	0.550741	2.2168	1.272203	0.720142	1.68696	0.646117	1.150446	-0.701584	0.709607	1.383274	2.014711	1.1173	1.013589	0.037461
Q1-1984	1.986835	1.151676	0.687592	0.592891	-0.196113	1.71501	4.41181	2.515551	0.827201	2.760114	1.676444	0.58752	1.322573	2.256876	0.404556	-1.317604	2.682285
Q2-1984	1.756338	1.514426	-0.87079	0.305253	0.321965	1.956069	2.207984	1.151317	-0.308285	-1.471891	-0.05895	0.644184	-1.575206	-1.513563	0.15287	-0.705958	0.620523
Q3-1984	0.9838	1.222068	0.65055	0.614327	1.177468	0.424365	1.563929	0.921284	0.870915	2.421555	1.093892	1.506108	2.723288	1.322053	0.286768	0.919922	2.89567
Q4-1984	0.797629	0.172602	1.985359	0.133802	0.016044	1.57611	0.528706	0.709066	0.127632	-0.88123	0.183879	1.042697	0.841814	0.929833	0.644337	0.950289	2.077146
Q1-1985	0.994129	2.45057	0.842612	0.169433	0.571728	1.518987	2.54671	1.231154	1.115985	1.829112	0.368847	0.747998	-0.545071	0.138871	0.427656	0.48032	1.960636
Q2-1985	0.915491	2.02495	2.132496	0.774234	1.320883	0.321212	2.341352	2.213809	-0.093929	-0.086641	1.972851	0.911823	1.002248	1.056978	0.365212	0.155684	-1.374
Q3-1985	1.555706	1.30856	0.093971	0.627373	0.801016	1.266018	1.501969	1.536352	1.036667	0.625405	-0.974239	0.475206	1.302408	1.10346	0.67715	1.484461	2.907167
Q4-1985	0.750183	1.328426	0.244178	0.390724	0.666796	1.538556	2.98117	-0.342508	1.148468	-0.271497	2.446499	0.965029	0.599977	-1.004894	0.517968	-0.416359	0.965257
Q1-1986	0.926857	0.397646	1.121796	0.366118	0.62318	-0.022138	1.485985	0.643866	0.282041	-1.928239	0.176769	0.017379	-0.572049	2.02347	0.54789	0.894396	1.874778
Q2-1986	0.459063	-0.245689	0.729547	1.10763	0.646813	0.575723	4.033118	-0.196988	2.381556	-0.37352	1.732329	0.783517	1.150685	0.500524	0.203576	1.209922	-1.3562
Q3-1986	1.006568	0.585788	0.442785	0.461717	0.998123	0.12754	4.669878	0.303799	-0.705039	-1.898209	0.253507	0.123472	0.738239	0.489036	1.230937	0.081472	2.610265
Q4-1986	0.517753	0.788721	1.761324	0.176054	0.41059	-0.720398	1.377702	1.661824	0.638803	-0.273023	-1.274309	-0.021129	0.997108	0.303682	-1.156201	0.074006	0.547401
Q1-1987	0.69923	-0.071726	0.89639	0.293545	0.409625	2.315915	2.602221	1.010285	2.048184	0.597476	0.239279	0.02591	-2.509805	0.456262	0.706358	-0.852827	-0.418693
Q2-1987	1.122519	2.095595	1.44643	1.1809	1.514382	1.296611	5.145715	1.537815	1.496058	2.736231	1.642376	0.803005	2.244994	2.212031	1.111189	1.764855	2.197504
Q3-1987	0.906959	2.000278	2.416818	0.724742	0.288642	1.531916	1.390412	1.799089	2.065203	0.107061	1.146137	0.945474	0.692121	1.136552	1.397513	1.21496	-2.607667
Q4-1987	1.650545	2.574799	1.133601	1.451817	1.075995	1.298438	1.854047	2.004986	2.045736	1.208327	0.814298	0.918114	1.5999	0.31108	1.290633	0.810185	1.813396
Q1-1988	0.562387	2.387213	1.797078	1.322968	1.47171	1.462704	7.160801	0.485412	0.321543	-0.675506	0.131302	0.428505	-0.906973	0.478468	0.99036	-1.010978	-0.373294
Q2-1988	1.321282	-0.145997	0.597712	0.742085	0.63527	0.88851	-2.042605	0.055564	1.223182	-0.320853	0.761872	0.765038	1.812832	0.193407	0.93208	1.835161	-1.533096
Q3-1988	0.577217	2.230947	1.529919	1.301791	1.313966	0.008201	3.966569	0.815431	1.802908	0.123422	0.851589	1.11191	1.133076	0.165339	1.228906	1.661264	0.845154
Q4-1988	1.324597	1.053824	0.8626	1.083452	1.193897	0.702665	2.553869	1.540105	-0.224282	1.992231	0.93033	1.397197	1.177547	2.116757	0.979885	1.1833	0.143103
Q1-1989	1.008739	2.69804	0.434709	1.481893	0.621204	1.140544	-0.068204	1.082757	2.35813	1.873678	1.517732	0.441225	1.045143	0.164712	0.76019	0.82314	-0.653664
Q2-1989	0.786345	-1.305732	0.651184	0.901623	0.432397	0.384147	1.358615	2.056888	0.984089	0.038206	1.245802	1.631376	0.402548	0.675412	0.961124	0.475649	1.179381
Q3-1989	0.7465	1.749678	0.095835	0.817551	1.042437	0.360921	3.357488	0.827958	1.33968	1.864124	0.877682	1.059046	0.913245	0.030822	0.371448	0.829098	0.973042
Q4-1989	0.211582	3.098252	0.090482	0.780192	1.02914	-0.214275	3.487266	-0.259174	-0.166005	-0.881772	0.805274	1.33132	1.158806	1.30721	1.298638	1.300396	0.699918
Q1-1990	1.094876	-0.475764	0.673097	1.546892	0.398617	0.93863	1.210425	0.824894	0.876019	2.174245	1.253437	1.541258	2.075707	0.212357	1.563246	1.232355	-0.363704
Q2-1990	0.386694	3.15397	0.514413	0.069508	0.304784	-0.415758	1.753083	0.112191	1.699634	2.169802	0.836914	0.293292	0.49166	-0.305109	-0.353728	1.078143	1.080399
Q3-1990	0.024695	1.676742	-1.038103	0.089464	0.160345	-0.717766	3.886683	-0.552396	-0.298469	1.364137	1.362325	-0.24896	2.105935	-0.792885	0.132865	0.826363	-0.983728
Q4-1990	-0.852432	-0.18998	-0.333802	0.253995	-0.649584	-0.896397	1.592377	0.583104	3.781683	1.270954	0.792733	-0.133363	1.760421	1.135943	1.213354	0.683751	2.677836
Q1-1991	-0.469263	0.871317	-0.281558	-0.10937	1.973555	-1.446843	3.627197	-1.314816	-1.921754	0.275608	-0.406318	-0.319655	2.895437	-0.311367	-0.431525	0.692705	0.848574
Q2-1991	0.776059	1.186411	-0.121109	0.734552	-0.547241	0.457351	1.436047	-0.15958	1.219275	1.530226	1.17201	-0.523819	-0.415362	-1.147189	1.167533	0.912164	0.523066
Q3-1991	0.480012	-0.221379	-0.228059	0.340933	0.03582	0.127696	2.290148	0.459124	0.755272	0.185943	0.408865	0.041996	-0.505557	-0.485888	0.674732	1.109097	-0.244359
Q4-1991	0.43657	0.702333	0.160395	0.607428	1.173646	0.180221	2.334191	0.074213	0.497512	1.806169	1.109337	0.102257	1.295725	-0.154936	0.505904	0.611831	0.733277
Q1-1992	1.181242	0.031101	-0.005644	0.843085	0.268946	0.065741	1.932648	0.784264	0.997701	-0.008741	0.707698	0.608871	1.602069	0.917573	1.401939	0.383704	2.126532
Q2-1992	1.102659	0.350154	-0.123109	-0.1538	-0.057245	0.120396	0.659176	0.693992	-1.303955	1.639826	-0.918964	-0.248539	-0.654161	-0.513648	-1.215734	0.47917	0.52145
Q3-1992	0.97211	0.117665	0.639966	-0.041149	-0.222056	0.538179	-0.002284	1.0141	0.063867	0.928578	0.30421	-0.753634	-0.29818	-1.447436	0.308941	0.079119	1.310096
Q4-1992	1.002018	-0.637501	0.703627	-0.240765	-0.689307	0.565858	1.572058	2.061443	-0.651596	0.083307	0.376705	-0.710536	-0.211828	-1.3723	-1.232574	-0.302467	-0.715807
Q1-1993	0.186434	1.126858	0.731817	-0.70205	-0.139465	0.63653	1.98553	0.705224	-0.932984	-0.183174	0.615913	0.043779	-0.880427	-1.155893	-0.759719	-0.239481	-0.658036
Q2-1993	0.594658	-0.633146	0.50855	0.233484	-0.241254	0.909762	2.676775	0.539265	-0.006775	0.522079	0.249896	0.773674	0.050398	0.613034	1.010258	0.570549	1.736
Q3-1993	0.487663	-0.717862	0.8044	0.306313	-0.157709	0.954966	1.636846	0.117347	1.203187	0.963428	0.817258	0.220969	0.705197	1.277648	0.316448	1.019557	1.992762
Q4-1993	1.334952	0.630002	0.681545	0.260781	0.733131	0.430076	2.050209	1.842657	0.376846	1.260196	-0.620387	0.480108	-0.062522	-0.647764	0.952397	0.702701	3.557944
Q1-1994	0.980441	0.828265	1.202605	0.468402	0.761669	1.471458	2.853203	1.682868	0.827092	1.153376	1.496532	0.466317	1.223048	1.856279	0.703595	0.321516	-1.140236
Q2-1994	1.3667	-0.519593	1.160499	1.163252	0.723639	1.465433	1.77394	1.238226	0.219253	1.836136	1.150385	-0.319434	0.346104	1.151669	1.149796	0.172232	2.329007
Q3-1994	0.589705	1.273017	1.134929	0.721842	0.623469	1.277498	1.356247	0.759088	0.793995	0.950984	0.758168	0.690416	0.751416	0.969442	0.279731	0.906741	-1.358615
Q4-1994	1.135482	-0.473698	0.568303	0.743957	0.938947	0.725584	4.076456	0.940997	0.374223	1.093334	0.946898	0.337664	1.320454	1.44624	1.682112	1.350074	3.95207
Q1-1995	0.341805	1.018812	0.335146	0.498621	1.255575	0.922451	2.213363	0.027363	1.068734	-5.798793	0.680303	-0.366365	-0.455553	1.41826	-0.208907	0.83618	-0.781196
Q2-1995	0.349404	1.236435	0.36097	0.524408	0.070151	0.03402	2.037632	0.347602	0.687617	-4.738211	0.78455	-0.087492	0.872837	0.530549	0.479539	0.424044	0.872568
Q3-1995	0.856046	1.113825	0.983598	0.05753	0.444806	0.130688	1.817894	2.253703	0.475787	1.848652	0.785696	0.860193	0.336488	0.356749	0.738834	0.226813	2.356447
Q4-1995	0.709919	0.22554	0.286344	0.130343	0.828153	0.40545	1.775852	0.091471	0.704403	1.81897	0.712376	0.090034	-0.047904	1.333284	0.366017	0.344772	1.233637
Q1-1996	0.656	0.956535	0.908638	0.710889	0.433398	0.062153	2.0672	1.657367	0.64537	2.669523	0.421705	0.311512	-1.000537	0.365459	-0.200919	0.741301	1.510366
Q2-1996	1.745999	1.127242	0.315239	0.075851	-0.521053	0.696088	1.824304	0.697945	0.636244	1.440145	1.116948	-0.331939	1.428227	-0.745868	0.762548	0.778173	-0.137127
Q3-1996	0.925021	-0.030918	0.677716	0.595517	0.225747	0.877333	1.684621	0.849674	0.974216	1.679767	1.382874	-0.171432	0.608592	0.478031	0.500869	0.181376	3.332486
Q4-1996	1.056567	1.144706	0.941726	0.126087	-0.059961	0.795296	1.458218	0.856305	0.400325	2.890812	0.696131	0.468578	0.557466	0.752426	0.788409	0.505414	-1.604121
Q1-1997	0.762181	0.361508	1.445824	0.293832	0.269242	1.319449	0.593567	0.602925	1.138604	0.417994	1.103668	0.448526	-0.601504	0.597745	0.934908	0.419382	2.684948
Q2-1997	1.50858	-0.75147	1.071744	1.321176	1.358762	1.126081	3.450609	2.96017	0.913627	2.030761	1.033663	1.093468	1.412131	1.253613	1.484406	0.471149	2.412138
Q3-1997	1.273317	0.322833	0.595896	0.709779	0.602947	1.194758	0.781035	0.127743	1.011273	2.016593	1.440632	1.191962	0.386146	0.998945	0.869175	1.158572	-0.107461
Q4-1997	0.775943	0.049608	1.225969	1.12169	1.643688	0.958433	-0.562712	1.380838	1.444289	2.391313	1.288405	0.932454	0.711036	1.687614	0.572714	0.974176	1.412775
Q1-1998	0.989418	-1.198121	0.553375	0.861924	-0.649774	1.402205	-7.022342	0.785255	0.993648	1.046622	1.246185	0.654545	0.801559	0.240728	0.265224	1.216619	0.964784
Q2-1998	0.969858	-0.378362	0.586111	0.7398	0.386465	0.043497	-0.648084	0.937294	0.756033	0.732247	0.713855	0.872344	-0.321501	1.622049	0.333247	0.844639	1.13314
Q3-1998	1.3082	0.155985	0.731457	0.81737	0.133413	0.927627	1.517303	1.909137	1.199044	0.373342	0.815994	0.19061	0.264946	0.525211	0.314047	0.364436	-1.793664
Q4-1998	1.641532	0.862836	1.041937	0.656707	-0.464541	1.350892	2.339715	1.513263	1.050667	0.173519	0.926223	-0.257038	-0.022983	1.115697	0.247359	0.123631	0.511406
Q1-1999	0.798501	-1.375127	0.601674	0.567271	0.591036	1.812465	3.04318	0.709879	0.810131	1.436699	1.741532	-0.002553	0.801568	1.49769	1.058963	1.32154	0.723264
Q2-1999	0.824709	0.485954	0.069484	0.905138	0.427851	0.839816	4.517302	0.372028	1.507717	-0.002295	1.181354	1.081636	0.216596	0.32853	1.346711	0.802466	0.045565
Q3-1999	1.258522	0.476946	1.754532	1.213044	0.834802	1.55773	2.602457	1.162025	1.194599	1.017869	1.23181	0.39138	1.046534	1.008574	1.440492	1.432071	2.054779
Q4-1999	1.735819	-0.003368	1.415516	1.241943	1.417143	1.421416	2.991074	1.68813	1.176641	1.103509	1.390621	2.282434	1.249574	1.8292	1.180065	0.796839	1.720314
Q1-2000	0.290173	1.940385	0.932267	0.998344	1.162668	1.596	1.700056	0.425855	1.594599	1.892537	0.783139	0.806046	0.93956	0.717389	0.746971	1.230205	1.478127
Q2-2000	1.888771	0.213746	0.718705	0.858978	0.712788	1.191249	1.46065	0.945045	1.227238	1.593755	1.096795	0.554017	1.013441	2.176561	0.657703	0.651064	-1.444081
Q3-2000	0.120278	0.078197	0.296207	0.742968	0.539811	1.010155	2.870641	0.170905	1.085426	0.688115	0.875239	0.80018	-0.141768	0.857365	0.39783	0.530464	0.970506
Q4-2000	0.5684	0.944911	0.209705	0.760416	1.54123	0.178002	-0.747609	-0.383885	1.10356	-0.591793	1.042048	0.794611	0.076452	0.264234	0.886167	1.053529	0.039198
Q1-2001	-0.28436	0.579062	1.011225	0.466905	0.365454	0.520403	0.95041	0.984441	0.998137	0.035732	0.243345	0.101004	1.634062	-0.239429	-0.058321	-0.221502	1.16994
Q2-2001	0.530084	-0.470804	0.827337	0.260234	-0.272407	0.25811	1.550677	0.846141	0.794837	-0.507934	0.403814	0.246667	0.085889	0.442487	-0.058355	-0.154065	-0.177512
Q3-2001	-0.316255	-1.117179	0.643667	0.283477	-0.423914	-0.07571	1.522912	1.188797	0.995173	-0.040935	0.084511	-0.185203	-0.289637	0.607054	-0.204957	0.241572	1.230892
Q4-2001	0.277527	-0.254263	0.328934	0.014134	0.04926	0.613057	1.432986	1.212705	0.708935	-0.417511	0.1351	-0.189953	0.118342	0.599364	-0.058509	0.576374	0.869065
Q1-2002	0.920791	0.105078	0.48239	0.394586	-0.082	1.48979	2.31042	0.738235	0.56911	-0.577151	-0.503467	0.530137	-0.308947	-0.035657	0.930716	0.42854	-0.87456
Q2-2002	0.551728	0.78826	0.717083	0.366862	0.491771	0.570013	2.007175	1.77436	0.751762	0.703092	0.318131	-0.0032	0.258706	1.377121	0.878335	0.380895	2.077757
Q3-2002	0.48683	0.387599	0.80506	0.377573	0.214915	0.873704	1.937701	0.346205	0.604872	0.760389	0.248787	-0.066026	0.473059	0.191237	0.528045	0.353553	-1.484079
Q4-2002	0.063655	0.271772	0.94518	-0.021831	0.388088	0.553905	0.901539	0.687195	0.751114	0.342928	0.006289	-0.539429	-0.214017	0.45765	0.310494	0.309631	1.129231
Q1-2003	0.517995	-0.114684	0.621308	0.186043	-0.298865	0.550926	-0.68474	0.040333	0.986773	0.177821	0.23195	-0.262682	-1.211775	1.193741	-0.39448	-0.080889	0.03408
Q2-2003	0.927929	0.803644	0.906033	-0.185916	-0.315209	-0.148371	0.018653	0.332	0.679138	0.31792	-0.292304	0.019772	0.021715	-0.409099	0.100471	0.222665	-0.476169
Q3-2003	1.674776	0.397927	0.997355	0.710765	0.114716	0.376953	1.618451	1.551428	0.686295	-0.068952	0.003173	0.983127	0.499232	1.360014	0.385141	0.567848	1.405054
Q4-2003	1.169225	1.116609	0.778028	0.748246	0.800526	0.685699	2.570217	1.780971	1.026798	1.066181	0.545475	1.035524	0.367172	0.62093	0.745236	0.45207	0.03189
Q1-2004	0.575066	0.776824	0.518162	0.929276	0.4621	0.720986	1.278554	0.858677	0.607509	1.292731	0.990717	0.873848	-0.024217	1.53111	1.55792	1.089732	3.514722
Q2-2004	0.733017	-0.036999	0.42199	0.544798	0.325188	1.182448	0.687245	0.743437	0.775899	1.722954	0.362355	0.425846	0.344379	0.728152	0.980637	0.56614	0.205817
Q3-2004	0.908936	0.523091	0.230553	0.375581	0.095414	1.188855	0.31188	0.686714	1.007325	-0.213066	0.273807	0.177275	-0.182331	0.863148	0.87434	0.57096	-1.154707
Q4-2004	0.864359	-0.264218	0.362973	0.676939	0.163524	0.717907	0.585353	0.734901	0.615351	1.249182	0.23207	0.242117	0.096709	0.819666	0.31904	0.015844	0.982547
Q1-2005	1.065957	0.481926	0.846976	0.258546	-0.249192	0.34102	0.789344	0.739052	1.01158	0.25688	0.371033	1.205824	-0.193215	0.126569	0.395863	0.646045	1.657142
Q2-2005	0.522119	0.778001	1.09408	0.17164	0.971345	0.71192	1.849261	0.479318	1.019269	0.135295	0.724162	0.978635	0.666803	1.050926	0.499524	1.145099	0.524365
Q3-2005	0.84008	0.959218	1.05606	0.522815	0.667112	1.230669	1.341676	0.991979	0.948226	0.970654	1.353687	1.161695	0.811965	0.950627	0.386832	0.401691	0.829699
Q4-2005	0.571525	0.20849	1.466883	0.656044	0.281046	0.990403	0.991401	0.95111	1.045716	1.572269	0.599645	0.929105	0.381525	0.66497	0.800325	0.931255	0.224923
Q1-2006	1.20139	0.071343	0.263276	0.832058	0.356914	0.801518	1.813501	0.267324	1.08293	1.787449	0.767977	1.104761	0.931645	1.948808	0.628424	1.125044	0.643876
Q2-2006	0.298815	0.353446	0.202545	0.909165	0.589135	0.048258	0.553998	0.222546	1.044336	1.075539	1.462059	0.820058	1.600411	1.156107	0.326861	0.889128	0.125003
Q3-2006	0.089434	-0.1672	0.079269	0.054396	0.354961	0.2779	1.643197	1.425304	0.987264	0.172388	0.485688	0.847441	0.998661	1.311931	0.842539	0.856181	1.026201
Q4-2006	0.782715	1.211092	0.364815	0.683027	1.301884	0.377221	0.646814	1.17231	0.94967	0.22531	0.830874	1.350541	1.304792	0.576598	1.07727	1.177495	1.830255
Q1-2007	0.061779	0.735166	0.90199	0.778722	0.160917	0.646596	1.661665	1.458349	1.023037	0.738356	1.104065	0.840832	0.409987	0.855265	1.28699	0.867141	0.073937
Q2-2007	0.764918	0.127331	0.715878	0.719725	-0.100317	0.965139	1.61518	0.607038	0.811018	0.944604	0.456798	1.27945	0.741557	0.7326	0.392894	1.170441	-0.001542
Q3-2007	0.672588	-0.450897	0.66214	0.362253	-0.036625	0.415515	1.104841	1.12159	0.811016	0.365807	1.205404	1.000279	0.845511	0.762919	0.772305	0.258772	1.283079
Q4-2007	0.356911	0.494408	0.803908	0.279263	-0.147859	0.140063	1.923413	0.508286	0.860569	0.442152	1.463893	0.352404	0.276194	1.299322	0.505071	0.899628	1.088262
Q1-2008	-0.682601	0.306037	0.272135	0.368221	1.11003	0.059284	0.469677	1.170395	0.456195	-0.104815	-0.013834	0.921603	0.877946	-1.341341	0.577554	0.946366	-1.216353
Q2-2008	0.496372	-0.498517	-0.676134	-0.451955	-0.983617	0.346965	0.497236	0.202648	0.055701	0.855943	0.373747	0.537448	-0.273035	0.193187	0.159397	-0.516103	0.049902
Q3-2008	-0.479264	-1.282828	-1.601041	-0.322542	-1.39823	0.834166	0.853314	0.770556	-0.755623	0.007418	-0.32605	0.180375	-0.361787	-0.212189	-0.502933	-0.591712	-0.182882
Q4-2008	-2.112984	-2.27026	-2.1765	-1.455147	-2.267806	-1.156561	-3.335256	-0.510164	-1.007189	-1.477539	-0.856721	-1.603076	-1.933268	-3.728065	-2.093672	-1.530754	0.313413
Q1-2009	-1.38552	-4.887624	-1.598255	-1.660913	-2.752453	-2.284863	0.095851	1.042215	-1.599241	-5.219713	-3.16718	-1.554804	-4.48549	-2.515689	-1.149859	-1.513463	-0.810142
Q2-2009	-0.135374	2.110863	-0.225247	-0.165729	-0.79444	-1.103413	1.457818	0.571429	-0.968317	-0.987295	-0.219188	-0.233778	0.07334	0.051887	-0.109119	-1.051534	-0.879533
Q3-2009	0.326835	0.02163	0.155207	0.196503	0.57011	0.452511	2.842337	0.275316	-0.311113	2.70534	0.269346	0.881481	0.596736	0.07121	1.113598	0.243514	0.064316
Q4-2009	0.968056	1.441727	0.266714	0.619814	0.393539	1.181288	0.427146	0.704332	-0.062788	1.829439	0.501417	0.243734	0.915806	0.570382	0.844355	1.085751	0.053304
Q1-2010	0.432846	0.870251	0.537963	0.447074	0.420882	1.191352	2.209127	0.494285	0.301871	1.255961	-0.063226	1.123025	0.734704	2.371755	0.475329	-0.674865	1.967419
Q2-2010	0.966036	1.243934	0.899862	0.603956	0.549152	0.51419	1.736918	0.663932	0.181986	0.975447	0.574098	1.05407	2.047503	2.179753	1.009306	1.655039	-1.063022
Q3-2010	0.674932	1.82102	0.464112	0.626248	0.528057	0.714111	0.989358	0.597878	0.048466	0.737074	0.375577	0.380334	0.812597	1.276276	0.441707	0.960707	-2.481489
Q4-2010	0.630112	-0.724399	0.072204	0.575829	0.642077	1.130483	1.014242	1.019003	-0.001479	0.896654	1.251342	0.713192	0.835905	1.824587	0.413236	0.434787	2.807256
Q1-2011	-0.386237	-1.539407	0.587025	1.067245	0.30933	0.739355	0.972161	-0.233891	-0.360552	0.699843	0.636576	0.381912	1.766414	-0.099408	0.661505	1.556974	0.038359
Q2-2011	0.72745	-0.504894	0.148105	0.001768	0.064023	0.189951	0.624912	1.062199	-0.479135	0.878289	-0.092582	0.578062	0.174556	0.30005	0.288705	0.132521	-0.413316
Q3-2011	0.210773	2.437713	0.38061	0.227062	-0.584539	1.387897	0.723323	1.308296	-0.406484	1.581408	0.021109	-0.219524	0.474351	0.965157	0.223455	0.153223	1.611159
Q4-2011	1.125786	-0.141833	0.190045	0.09544	-0.901115	0.790139	0.592207	1.102303	-0.593118	0.733887	-0.739693	0.528888	0.019263	-1.67678	0.067289	0.231367	0.051623
Q1-2012	0.663452	1.146248	0.646495	0.066568	-0.877688	0.031895	0.601314	1.046719	-0.867865	0.620786	-0.172837	-0.054865	0.315472	0.418075	0.194705	0.722346	2.138217
Q2-2012	0.466809	-0.633774	-0.106714	-0.092742	-0.91678	0.330094	0.49049	1.006128	-0.951458	1.014671	0.090125	0.387893	0.096022	0.668705	-0.193325	-0.688536	0.235786
Q3-2012	0.119688	-0.380369	1.151033	0.118092	-0.450494	0.197213	0.361853	0.352371	-0.738862	0.468757	-0.387922	0.430107	0.230234	-0.086705	-0.038138	0.169461	-1.449452
Q4-2012	0.022444	0.209662	-0.145046	-0.081569	-0.557644	0.121961	0.648706	0.558669	-0.977024	0.838727	-0.773787	0.412405	-0.449841	-0.47658	-0.120481	0.001242	0.817261
Q1-2013	0.699572	1.143509	0.63845	0.010572	-1.026108	1.030501	0.673153	0.344232	-0.343069	0.458995	0.351679	0.248569	-0.221136	1.178769	-0.319659	-0.457214	0.218544
Q2-2013	0.191591	0.902107	0.540582	0.691382	0.008787	0.648283	0.990023	0.529509	-0.08381	-0.872599	-0.242002	0.851805	0.886494	-0.351766	0.481026	0.259961	0.722449
Q3-2013	0.771682	0.78417	0.850366	-0.010498	0.336245	0.819389	0.851836	0.717362	-0.068202	1.067126	0.62837	0.594592	0.506207	0.678939	0.48876	0.572506	0.980813
Q4-2013	0.975569	-0.039703	0.518907	0.437649	-0.120005	1.007924	0.922688	0.79407	0.285154	0.545144	0.604501	0.303841	0.408634	0.810035	0.295625	0.289823	-0.177211
Q1-2014	-0.230202	0.884626	0.858979	0.066591	0.030167	0.124445	1.033767	0.724708	0.395421	0.644202	-0.171333	0.761364	0.880174	0.708262	0.302719	0.081319	0.501686
Q2-2014	1.131234	-1.753505	0.85298	0.205829	-0.070533	1.198742	0.621925	0.594441	0.386461	1.322892	0.5348	0.571941	-0.168876	0.778304	0.248196	-0.004619	0.728457
Q3-2014	1.278177	-0.021238	0.761145	0.545562	0.209724	0.728305	0.668343	0.45456	0.680301	0.37461	0.390891	0.495723	0.319522	0.388206	0.387217	0.357142	0.410968
Q4-2014	0.500071	0.635923	0.761225	0.008256	0.081026	0.454239	0.417472	0.431503	0.750097	1.089988	1.122664	1.005111	0.889928	1.348094	0.306803	0.331695	1.257465
Q1-2015	0.799915	1.350907	0.342599	0.397414	0.260709	-0.200196	0.842624	1.002183	1.052112	0.551937	0.767783	-0.393342	0.11143	1.02206	0.413065	-0.039101	-0.270499
Q2-2015	0.678405	0.054444	0.574813	-0.019888	0.348368	-0.144694	0.414165	0.185829	0.848449	1.047979	0.011139	0.180222	0.445179	0.954463	0.466214	0.542485	0.507981
Q3-2015	0.405191	0.098904	0.416545	0.404527	0.21474	0.565491	1.261044	0.970473	0.939295	1.177475	0.433433	0.287932	0.32318	1.485083	0.058494	0.432568	1.166062
Q4-2015	0.121203	-0.280389	0.725824	0.232594	0.194828	0.103924	0.696234	0.498236	0.917537	-0.060569	0.328706	0.548684	0.423379	1.284984	0.478394	0.242908	-0.788823
Q1-2016	0.144758	0.66701	0.211581	0.614061	0.312343	0.616329	0.502782	1.029351	0.749247	0.973227	0.763192	0.52266	0.632392	0.289858	0.2783	0.336238	0.952577
Q2-2016	0.554824	0.323013	0.47589	-0.075746	0.119978	-0.262077	0.90449	0.764027	0.787206	-0.010069	0.338494	0.253365	0.464473	0.507711	0.740719	0.408177	-0.205205
Q3-2016	0.687922	0.231543	0.540971	0.154443	0.238597	1.051286	0.474749	-0.199322	0.713549	1.232276	0.966891	0.180241	0.33542	0.494017	0.110387	0.272721	-0.765065
Q4-2016	0.436711	0.266611	0.748308	0.454309	0.426066	0.555037	0.507872	0.862591	0.682547	1.032004	0.643021	-0.087713	0.415611	0.462992	0.260801	0.705062	1.881177
Q1-2017	0.307511	0.470985	0.228649	0.661753	0.461371	0.98904	1.062394	0.460373	0.786373	0.55124	0.613547	0.133782	0.899774	0.420736	0.669434	1.186475	-0.199741
Q2-2017	0.756334	0.585711	0.265088	0.625111	0.428236	1.074989	0.597968	0.820682	0.86476	0.281366	1.488796	0.440819	0.633132	1.156406	0.459788	0.702267	1.070483
Q3-2017	0.779804	0.588166	0.500513	0.544803	0.402882	0.383381	1.534782	0.696047	0.695735	-0.291133	0.434753	0.624288	0.735488	0.812622	0.191962	0.818353	0.799686